image_width: 640
image_height: 480
camera_name: camera
camera_matrix:
  rows: 3
  cols: 3
  data: [485.79641681, 0.0, 326.60190546, 0.0, 485.52205586, 238.75637649, 0.0, 0.0, 1.0]
distortion_model: narrow_stereo
distortion_coefficients:
  rows: 1
  cols: 5
  data: [-0.453688801, 0.300365838, 0.00237608009, 0.0000988600494, -0.152199277]
rectification_matrix:
  rows: 3
  cols: 3
  data: [1.0, 0.0, 0.0, 0.0, 1.0, 0.0, 0.0, 0.0, 1.0]
projection_matrix:
  rows: 3
  cols: 4
  data: [381.80621337890625, 0.0, 317.829223882487, 0.0, 0.0, 430.0441589355469, 250.37380722969647, 0.0, 0.0, 0.0, 1.0, 0.0]