image_width: 640
image_height: 480
camera_name: camera
camera_matrix:
  rows: 3
  cols: 3
  data: [486.0003866907658 , 0.0, 329.1026408339982, 0.0, 486.0605418308015, 250.7785490994929, 0.0, 0.0, 1.0]
distortion_model: plumb_bob
distortion_coefficients:
  rows: 1
  cols: 5
  data: [-0.448925971373867,0.280673359122788, 0.0, 0.0, -0.115153511102179]
rectification_matrix:
  rows: 3
  cols: 3
  data: [1.0, 0.0, 0.0, 0.0, 1.0, 0.0, 0.0, 0.0, 1.0]
projection_matrix:
  rows: 3
  cols: 4
  data: [486.0003866907658 , 0.0, 329.1026408339982, 0.0, 0.0, 486.0605418308015, 250.7785490994929, 0.0, 0.0, 0.0, 1.0, 0.0]
