image_width: 640
image_height: 640
camera_name: camera
camera_matrix:
  rows: 3
  cols: 3
  data: [484.8736766221664425, 0.0, 328.8659077998956946, 0.0, 485.0083372463163869, 248.7795411952131985, 0.0, 0.0, 1.0]
distortion_model: plumb_bob
distortion_coefficients:
  rows: 1
  cols: 5
  data: [-0.4386515220507515, 0.2428983830196395, 0.0000845660752867, 0.0002387445493008, 0.0764542030357198]
rectification_matrix:
  rows: 3
  cols: 3
  data: [1.0, 0.0, 0.0, 0.0, 1.0, 0.0, 0.0, 0.0, 1.0]
projection_matrix:
  rows: 3
  cols: 4
  data: [484.8736766221664425 , 0.0, 328.8659077998956946, 0.0, 0.0, 485.0083372463163869, 248.7795411952131985, 0.0, 0.0, 0.0, 1.0, 0.0]