image_width: 640
image_height: 640
camera_name: camera
camera_matrix:
  rows: 3
  cols: 3
  data: [486.1258839679896369, 0.0, 328.9087082353329379, 0.0, 486.1835023767186499, 250.9030575950297361, 0.0, 0.0, 1.0]
distortion_model: plumb_bob
distortion_coefficients:
  rows: 1
  cols: 5
  data: [-0.4489305969023832, 0.2803373588950721, -0.0000691447828150, 0.0000710492200043, 0.1147571468128462]
rectification_matrix:
  rows: 3
  cols: 3
  data: [1.0, 0.0, 0.0, 0.0, 1.0, 0.0, 0.0, 0.0, 1.0]
projection_matrix:
  rows: 3
  cols: 4
  data: [486.1258839679896369 , 0.0, 328.9087082353329379, 0.0, 0.0, 486.1835023767186499, 250.9030575950297361, 0.0, 0.0, 0.0, 1.0, 0.0]