image_width: 640
image_height: 480
camera_name: camera
camera_matrix:
  rows: 3
  cols: 3
  data: [484.5920994319669 , 0.0, 329.7350195576334, 0.0, 484.6740963605293, 251.7996199484067, 0.0, 0.0, 1.0]
distortion_model: plumb_bob
distortion_coefficients:
  rows: 1
  cols: 5
  data: [-0.445913733784526, 0.275645838615104, 0.0, 0.0, -0.112325995616101]
rectification_matrix:
  rows: 3
  cols: 3
  data: [1.0, 0.0, 0.0, 0.0, 1.0, 0.0, 0.0, 0.0, 1.0]
projection_matrix:
  rows: 3
  cols: 4
  data: [484.5920994319669 , 0.0, 329.7350195576334, 0.0, 0.0, 484.6740963605293, 251.7996199484067, 0.0, 0.0, 0.0, 1.0, 0.0]
